kinematics:
  shoulder:
    x: 0
    y: 0
    z: 0.0891347957698493
    roll: -0
    pitch: 0
    yaw: -2.223558454035428e-05
  upper_arm:
    x: 0.0002388260136893224
    y: 0
    z: 0
    roll: 1.569118566304422
    pitch: 0
    yaw: -4.02670488024448e-05
  forearm:
    x: -0.4253729324574631
    y: 0
    z: 0
    roll: 0.002522176394023009
    pitch: 0.002764249488815358
    yaw: 1.283147299540402e-05
  wrist_1:
    x: -0.3921730025551442
    y: 0.0002076108579783358
    z: 0.1108593069257168
    roll: 3.139719913979309
    pitch: 3.141026099650267
    yaw: -3.141566108928183
  wrist_2:
    x: 1.637214412331061e-06
    y: -0.09473223219715016
    z: 5.269959665960243e-05
    roll: 1.570240026262322
    pitch: 0
    yaw: -1.858630831280336e-05
  wrist_3:
    x: 4.175376472087876e-05
    y: 0.08240058871869851
    z: 3.799461426156611e-05
    roll: 1.571257423155489
    pitch: 3.141592653589793
    yaw: 3.141519106653342

  hash: calib_5556377711193082318